{
 "cells": [
  {
   "cell_type": "markdown",
   "metadata": {},
   "source": [
    "# Machine Learning Excercise"
   ]
  },
  {
   "cell_type": "code",
   "execution_count": 1,
   "metadata": {},
   "outputs": [
    {
     "name": "stdout",
     "output_type": "stream",
     "text": [
      "['train-missings.csv']\n"
     ]
    }
   ],
   "source": [
    "# Importing main files\n",
    "%matplotlib inline\n",
    "import pandas as pd\n",
    "import numpy as np\n",
    "import matplotlib.pyplot as plt\n",
    "import os\n",
    "\n",
    "print(os.listdir(\"./inputs\"))"
   ]
  },
  {
   "cell_type": "code",
   "execution_count": 2,
   "metadata": {},
   "outputs": [
    {
     "data": {
      "text/html": [
       "<div>\n",
       "<style scoped>\n",
       "    .dataframe tbody tr th:only-of-type {\n",
       "        vertical-align: middle;\n",
       "    }\n",
       "\n",
       "    .dataframe tbody tr th {\n",
       "        vertical-align: top;\n",
       "    }\n",
       "\n",
       "    .dataframe thead th {\n",
       "        text-align: right;\n",
       "    }\n",
       "</style>\n",
       "<table border=\"1\" class=\"dataframe\">\n",
       "  <thead>\n",
       "    <tr style=\"text-align: right;\">\n",
       "      <th></th>\n",
       "      <th>Id</th>\n",
       "      <th>p1</th>\n",
       "      <th>p2</th>\n",
       "      <th>p3</th>\n",
       "      <th>p4</th>\n",
       "      <th>p5</th>\n",
       "      <th>p6</th>\n",
       "      <th>p7</th>\n",
       "      <th>p8</th>\n",
       "      <th>p9</th>\n",
       "      <th>p10</th>\n",
       "      <th>p11</th>\n",
       "      <th>p12</th>\n",
       "      <th>p13</th>\n",
       "      <th>target</th>\n",
       "    </tr>\n",
       "  </thead>\n",
       "  <tbody>\n",
       "    <tr>\n",
       "      <th>0</th>\n",
       "      <td>1</td>\n",
       "      <td>2596.0</td>\n",
       "      <td>NaN</td>\n",
       "      <td>3.0</td>\n",
       "      <td>NaN</td>\n",
       "      <td>0.0</td>\n",
       "      <td>NaN</td>\n",
       "      <td>221.0</td>\n",
       "      <td>232.0</td>\n",
       "      <td>148.0</td>\n",
       "      <td>6279.0</td>\n",
       "      <td>1.0</td>\n",
       "      <td>0.0</td>\n",
       "      <td>0.0</td>\n",
       "      <td>5</td>\n",
       "    </tr>\n",
       "    <tr>\n",
       "      <th>1</th>\n",
       "      <td>2</td>\n",
       "      <td>2590.0</td>\n",
       "      <td>56.0</td>\n",
       "      <td>2.0</td>\n",
       "      <td>212.0</td>\n",
       "      <td>NaN</td>\n",
       "      <td>390.0</td>\n",
       "      <td>220.0</td>\n",
       "      <td>NaN</td>\n",
       "      <td>NaN</td>\n",
       "      <td>6225.0</td>\n",
       "      <td>1.0</td>\n",
       "      <td>0.0</td>\n",
       "      <td>0.0</td>\n",
       "      <td>5</td>\n",
       "    </tr>\n",
       "    <tr>\n",
       "      <th>2</th>\n",
       "      <td>3</td>\n",
       "      <td>2804.0</td>\n",
       "      <td>NaN</td>\n",
       "      <td>9.0</td>\n",
       "      <td>268.0</td>\n",
       "      <td>65.0</td>\n",
       "      <td>3180.0</td>\n",
       "      <td>NaN</td>\n",
       "      <td>238.0</td>\n",
       "      <td>NaN</td>\n",
       "      <td>6121.0</td>\n",
       "      <td>NaN</td>\n",
       "      <td>0.0</td>\n",
       "      <td>0.0</td>\n",
       "      <td>2</td>\n",
       "    </tr>\n",
       "    <tr>\n",
       "      <th>3</th>\n",
       "      <td>4</td>\n",
       "      <td>2785.0</td>\n",
       "      <td>155.0</td>\n",
       "      <td>18.0</td>\n",
       "      <td>242.0</td>\n",
       "      <td>118.0</td>\n",
       "      <td>3090.0</td>\n",
       "      <td>238.0</td>\n",
       "      <td>238.0</td>\n",
       "      <td>122.0</td>\n",
       "      <td>6211.0</td>\n",
       "      <td>1.0</td>\n",
       "      <td>NaN</td>\n",
       "      <td>0.0</td>\n",
       "      <td>2</td>\n",
       "    </tr>\n",
       "    <tr>\n",
       "      <th>4</th>\n",
       "      <td>5</td>\n",
       "      <td>2595.0</td>\n",
       "      <td>45.0</td>\n",
       "      <td>NaN</td>\n",
       "      <td>153.0</td>\n",
       "      <td>-1.0</td>\n",
       "      <td>391.0</td>\n",
       "      <td>220.0</td>\n",
       "      <td>234.0</td>\n",
       "      <td>150.0</td>\n",
       "      <td>6172.0</td>\n",
       "      <td>1.0</td>\n",
       "      <td>0.0</td>\n",
       "      <td>0.0</td>\n",
       "      <td>5</td>\n",
       "    </tr>\n",
       "  </tbody>\n",
       "</table>\n",
       "</div>"
      ],
      "text/plain": [
       "   Id      p1     p2    p3     p4     p5      p6     p7     p8     p9     p10  \\\n",
       "0   1  2596.0    NaN   3.0    NaN    0.0     NaN  221.0  232.0  148.0  6279.0   \n",
       "1   2  2590.0   56.0   2.0  212.0    NaN   390.0  220.0    NaN    NaN  6225.0   \n",
       "2   3  2804.0    NaN   9.0  268.0   65.0  3180.0    NaN  238.0    NaN  6121.0   \n",
       "3   4  2785.0  155.0  18.0  242.0  118.0  3090.0  238.0  238.0  122.0  6211.0   \n",
       "4   5  2595.0   45.0   NaN  153.0   -1.0   391.0  220.0  234.0  150.0  6172.0   \n",
       "\n",
       "   p11  p12  p13  target  \n",
       "0  1.0  0.0  0.0       5  \n",
       "1  1.0  0.0  0.0       5  \n",
       "2  NaN  0.0  0.0       2  \n",
       "3  1.0  NaN  0.0       2  \n",
       "4  1.0  0.0  0.0       5  "
      ]
     },
     "execution_count": 2,
     "metadata": {},
     "output_type": "execute_result"
    }
   ],
   "source": [
    "# Loading the dataset and printing the first 5 lines\n",
    "train = pd.read_csv('./inputs/train-missings.csv')\n",
    "train.head()"
   ]
  },
  {
   "cell_type": "code",
   "execution_count": 3,
   "metadata": {},
   "outputs": [
    {
     "data": {
      "text/html": [
       "<div>\n",
       "<style scoped>\n",
       "    .dataframe tbody tr th:only-of-type {\n",
       "        vertical-align: middle;\n",
       "    }\n",
       "\n",
       "    .dataframe tbody tr th {\n",
       "        vertical-align: top;\n",
       "    }\n",
       "\n",
       "    .dataframe thead th {\n",
       "        text-align: right;\n",
       "    }\n",
       "</style>\n",
       "<table border=\"1\" class=\"dataframe\">\n",
       "  <thead>\n",
       "    <tr style=\"text-align: right;\">\n",
       "      <th></th>\n",
       "      <th>p1</th>\n",
       "      <th>p2</th>\n",
       "      <th>p3</th>\n",
       "      <th>p4</th>\n",
       "      <th>p5</th>\n",
       "      <th>p6</th>\n",
       "      <th>p7</th>\n",
       "      <th>p8</th>\n",
       "      <th>p9</th>\n",
       "      <th>p10</th>\n",
       "      <th>p11</th>\n",
       "      <th>p12</th>\n",
       "      <th>p13</th>\n",
       "      <th>target</th>\n",
       "    </tr>\n",
       "  </thead>\n",
       "  <tbody>\n",
       "    <tr>\n",
       "      <th>count</th>\n",
       "      <td>12156.000000</td>\n",
       "      <td>12188.000000</td>\n",
       "      <td>12096.000000</td>\n",
       "      <td>12071.000000</td>\n",
       "      <td>12083.000000</td>\n",
       "      <td>12057.000000</td>\n",
       "      <td>12151.000000</td>\n",
       "      <td>12035.000000</td>\n",
       "      <td>12073.000000</td>\n",
       "      <td>12152.000000</td>\n",
       "      <td>12031.000000</td>\n",
       "      <td>12031.000000</td>\n",
       "      <td>12198.000000</td>\n",
       "      <td>15120.000000</td>\n",
       "    </tr>\n",
       "    <tr>\n",
       "      <th>mean</th>\n",
       "      <td>2746.864676</td>\n",
       "      <td>155.722432</td>\n",
       "      <td>16.525132</td>\n",
       "      <td>226.259796</td>\n",
       "      <td>50.931226</td>\n",
       "      <td>1704.409969</td>\n",
       "      <td>212.594272</td>\n",
       "      <td>219.061903</td>\n",
       "      <td>135.032966</td>\n",
       "      <td>1511.744651</td>\n",
       "      <td>0.239631</td>\n",
       "      <td>0.032250</td>\n",
       "      <td>0.418675</td>\n",
       "      <td>4.000000</td>\n",
       "    </tr>\n",
       "    <tr>\n",
       "      <th>std</th>\n",
       "      <td>417.908441</td>\n",
       "      <td>109.820171</td>\n",
       "      <td>8.459560</td>\n",
       "      <td>208.777715</td>\n",
       "      <td>61.161804</td>\n",
       "      <td>1319.590597</td>\n",
       "      <td>30.485857</td>\n",
       "      <td>22.797792</td>\n",
       "      <td>45.789227</td>\n",
       "      <td>1098.104397</td>\n",
       "      <td>0.426876</td>\n",
       "      <td>0.176671</td>\n",
       "      <td>0.493362</td>\n",
       "      <td>2.000066</td>\n",
       "    </tr>\n",
       "    <tr>\n",
       "      <th>min</th>\n",
       "      <td>1879.000000</td>\n",
       "      <td>0.000000</td>\n",
       "      <td>0.000000</td>\n",
       "      <td>0.000000</td>\n",
       "      <td>-146.000000</td>\n",
       "      <td>0.000000</td>\n",
       "      <td>0.000000</td>\n",
       "      <td>99.000000</td>\n",
       "      <td>0.000000</td>\n",
       "      <td>0.000000</td>\n",
       "      <td>0.000000</td>\n",
       "      <td>0.000000</td>\n",
       "      <td>0.000000</td>\n",
       "      <td>1.000000</td>\n",
       "    </tr>\n",
       "    <tr>\n",
       "      <th>25%</th>\n",
       "      <td>2371.000000</td>\n",
       "      <td>64.000000</td>\n",
       "      <td>10.000000</td>\n",
       "      <td>67.000000</td>\n",
       "      <td>5.000000</td>\n",
       "      <td>755.000000</td>\n",
       "      <td>196.000000</td>\n",
       "      <td>207.000000</td>\n",
       "      <td>106.000000</td>\n",
       "      <td>726.000000</td>\n",
       "      <td>0.000000</td>\n",
       "      <td>0.000000</td>\n",
       "      <td>0.000000</td>\n",
       "      <td>2.000000</td>\n",
       "    </tr>\n",
       "    <tr>\n",
       "      <th>50%</th>\n",
       "      <td>2751.000000</td>\n",
       "      <td>125.000000</td>\n",
       "      <td>15.000000</td>\n",
       "      <td>180.000000</td>\n",
       "      <td>32.000000</td>\n",
       "      <td>1307.000000</td>\n",
       "      <td>220.000000</td>\n",
       "      <td>223.000000</td>\n",
       "      <td>138.000000</td>\n",
       "      <td>1262.500000</td>\n",
       "      <td>0.000000</td>\n",
       "      <td>0.000000</td>\n",
       "      <td>0.000000</td>\n",
       "      <td>4.000000</td>\n",
       "    </tr>\n",
       "    <tr>\n",
       "      <th>75%</th>\n",
       "      <td>3101.000000</td>\n",
       "      <td>259.000000</td>\n",
       "      <td>22.000000</td>\n",
       "      <td>324.000000</td>\n",
       "      <td>79.000000</td>\n",
       "      <td>2256.000000</td>\n",
       "      <td>235.000000</td>\n",
       "      <td>236.000000</td>\n",
       "      <td>167.000000</td>\n",
       "      <td>1989.000000</td>\n",
       "      <td>0.000000</td>\n",
       "      <td>0.000000</td>\n",
       "      <td>1.000000</td>\n",
       "      <td>6.000000</td>\n",
       "    </tr>\n",
       "    <tr>\n",
       "      <th>max</th>\n",
       "      <td>3849.000000</td>\n",
       "      <td>360.000000</td>\n",
       "      <td>52.000000</td>\n",
       "      <td>1318.000000</td>\n",
       "      <td>554.000000</td>\n",
       "      <td>6890.000000</td>\n",
       "      <td>254.000000</td>\n",
       "      <td>254.000000</td>\n",
       "      <td>248.000000</td>\n",
       "      <td>6853.000000</td>\n",
       "      <td>1.000000</td>\n",
       "      <td>1.000000</td>\n",
       "      <td>1.000000</td>\n",
       "      <td>7.000000</td>\n",
       "    </tr>\n",
       "  </tbody>\n",
       "</table>\n",
       "</div>"
      ],
      "text/plain": [
       "                 p1            p2            p3            p4            p5  \\\n",
       "count  12156.000000  12188.000000  12096.000000  12071.000000  12083.000000   \n",
       "mean    2746.864676    155.722432     16.525132    226.259796     50.931226   \n",
       "std      417.908441    109.820171      8.459560    208.777715     61.161804   \n",
       "min     1879.000000      0.000000      0.000000      0.000000   -146.000000   \n",
       "25%     2371.000000     64.000000     10.000000     67.000000      5.000000   \n",
       "50%     2751.000000    125.000000     15.000000    180.000000     32.000000   \n",
       "75%     3101.000000    259.000000     22.000000    324.000000     79.000000   \n",
       "max     3849.000000    360.000000     52.000000   1318.000000    554.000000   \n",
       "\n",
       "                 p6            p7            p8            p9           p10  \\\n",
       "count  12057.000000  12151.000000  12035.000000  12073.000000  12152.000000   \n",
       "mean    1704.409969    212.594272    219.061903    135.032966   1511.744651   \n",
       "std     1319.590597     30.485857     22.797792     45.789227   1098.104397   \n",
       "min        0.000000      0.000000     99.000000      0.000000      0.000000   \n",
       "25%      755.000000    196.000000    207.000000    106.000000    726.000000   \n",
       "50%     1307.000000    220.000000    223.000000    138.000000   1262.500000   \n",
       "75%     2256.000000    235.000000    236.000000    167.000000   1989.000000   \n",
       "max     6890.000000    254.000000    254.000000    248.000000   6853.000000   \n",
       "\n",
       "                p11           p12           p13        target  \n",
       "count  12031.000000  12031.000000  12198.000000  15120.000000  \n",
       "mean       0.239631      0.032250      0.418675      4.000000  \n",
       "std        0.426876      0.176671      0.493362      2.000066  \n",
       "min        0.000000      0.000000      0.000000      1.000000  \n",
       "25%        0.000000      0.000000      0.000000      2.000000  \n",
       "50%        0.000000      0.000000      0.000000      4.000000  \n",
       "75%        0.000000      0.000000      1.000000      6.000000  \n",
       "max        1.000000      1.000000      1.000000      7.000000  "
      ]
     },
     "execution_count": 3,
     "metadata": {},
     "output_type": "execute_result"
    }
   ],
   "source": [
    "# The field id could be used as index.\n",
    "train = train.set_index(['Id'])\n",
    "# Printing a description of the columns\n",
    "train.describe()"
   ]
  },
  {
   "cell_type": "markdown",
   "metadata": {},
   "source": [
    "The target is consisting of integers. This is a classification problem."
   ]
  },
  {
   "cell_type": "code",
   "execution_count": 4,
   "metadata": {},
   "outputs": [
    {
     "data": {
      "text/plain": [
       "p1        24.383021\n",
       "p2        24.056449\n",
       "p3        25.000000\n",
       "p4        25.258885\n",
       "p5        25.134486\n",
       "p6        25.404329\n",
       "p7        24.434203\n",
       "p8        25.633569\n",
       "p9        25.238135\n",
       "p10       24.423963\n",
       "p11       25.675339\n",
       "p12       25.675339\n",
       "p13       23.954747\n",
       "target     0.000000\n",
       "dtype: float64"
      ]
     },
     "execution_count": 4,
     "metadata": {},
     "output_type": "execute_result"
    }
   ],
   "source": [
    "def getPctMissing(series):\n",
    "    num = series.isnull().sum()\n",
    "    den = series.count()\n",
    "    return 100*(num/den)\n",
    "\n",
    "getPctMissing(train)"
   ]
  },
  {
   "cell_type": "markdown",
   "metadata": {},
   "source": [
    "# Handling missing data\n",
    "\n",
    "idea for imporvement:\n",
    "* Use 13 different models to estimate field p1, p2, p3,...,p13"
   ]
  },
  {
   "cell_type": "code",
   "execution_count": 5,
   "metadata": {},
   "outputs": [
    {
     "data": {
      "text/html": [
       "<div>\n",
       "<style scoped>\n",
       "    .dataframe tbody tr th:only-of-type {\n",
       "        vertical-align: middle;\n",
       "    }\n",
       "\n",
       "    .dataframe tbody tr th {\n",
       "        vertical-align: top;\n",
       "    }\n",
       "\n",
       "    .dataframe thead th {\n",
       "        text-align: right;\n",
       "    }\n",
       "</style>\n",
       "<table border=\"1\" class=\"dataframe\">\n",
       "  <thead>\n",
       "    <tr style=\"text-align: right;\">\n",
       "      <th></th>\n",
       "      <th>p1</th>\n",
       "      <th>p2</th>\n",
       "      <th>p3</th>\n",
       "      <th>p4</th>\n",
       "      <th>p5</th>\n",
       "      <th>p6</th>\n",
       "      <th>p7</th>\n",
       "      <th>p8</th>\n",
       "      <th>p9</th>\n",
       "      <th>p10</th>\n",
       "      <th>p11</th>\n",
       "      <th>p12</th>\n",
       "      <th>p13</th>\n",
       "      <th>target</th>\n",
       "    </tr>\n",
       "  </thead>\n",
       "  <tbody>\n",
       "    <tr>\n",
       "      <th>count</th>\n",
       "      <td>15120.000000</td>\n",
       "      <td>15120.000000</td>\n",
       "      <td>15120.000000</td>\n",
       "      <td>15120.000000</td>\n",
       "      <td>15120.000000</td>\n",
       "      <td>15120.000000</td>\n",
       "      <td>15120.000000</td>\n",
       "      <td>15120.000000</td>\n",
       "      <td>15120.000000</td>\n",
       "      <td>15120.000000</td>\n",
       "      <td>15120.000000</td>\n",
       "      <td>15120.000000</td>\n",
       "      <td>15120.000000</td>\n",
       "      <td>15120.000000</td>\n",
       "    </tr>\n",
       "    <tr>\n",
       "      <th>mean</th>\n",
       "      <td>2746.864676</td>\n",
       "      <td>155.722432</td>\n",
       "      <td>16.525132</td>\n",
       "      <td>226.259796</td>\n",
       "      <td>50.931226</td>\n",
       "      <td>1704.409969</td>\n",
       "      <td>212.594272</td>\n",
       "      <td>219.061903</td>\n",
       "      <td>135.032966</td>\n",
       "      <td>1511.744651</td>\n",
       "      <td>0.239631</td>\n",
       "      <td>0.032250</td>\n",
       "      <td>0.418675</td>\n",
       "      <td>4.000000</td>\n",
       "    </tr>\n",
       "    <tr>\n",
       "      <th>std</th>\n",
       "      <td>374.711560</td>\n",
       "      <td>98.598200</td>\n",
       "      <td>7.566397</td>\n",
       "      <td>186.541834</td>\n",
       "      <td>54.674921</td>\n",
       "      <td>1178.363546</td>\n",
       "      <td>27.329080</td>\n",
       "      <td>20.339312</td>\n",
       "      <td>40.915833</td>\n",
       "      <td>984.437406</td>\n",
       "      <td>0.380779</td>\n",
       "      <td>0.157593</td>\n",
       "      <td>0.443130</td>\n",
       "      <td>2.000066</td>\n",
       "    </tr>\n",
       "    <tr>\n",
       "      <th>min</th>\n",
       "      <td>1879.000000</td>\n",
       "      <td>0.000000</td>\n",
       "      <td>0.000000</td>\n",
       "      <td>0.000000</td>\n",
       "      <td>-146.000000</td>\n",
       "      <td>0.000000</td>\n",
       "      <td>0.000000</td>\n",
       "      <td>99.000000</td>\n",
       "      <td>0.000000</td>\n",
       "      <td>0.000000</td>\n",
       "      <td>0.000000</td>\n",
       "      <td>0.000000</td>\n",
       "      <td>0.000000</td>\n",
       "      <td>1.000000</td>\n",
       "    </tr>\n",
       "    <tr>\n",
       "      <th>25%</th>\n",
       "      <td>2455.000000</td>\n",
       "      <td>79.000000</td>\n",
       "      <td>11.000000</td>\n",
       "      <td>90.000000</td>\n",
       "      <td>10.000000</td>\n",
       "      <td>900.000000</td>\n",
       "      <td>203.000000</td>\n",
       "      <td>212.000000</td>\n",
       "      <td>116.000000</td>\n",
       "      <td>840.000000</td>\n",
       "      <td>0.000000</td>\n",
       "      <td>0.000000</td>\n",
       "      <td>0.000000</td>\n",
       "      <td>2.000000</td>\n",
       "    </tr>\n",
       "    <tr>\n",
       "      <th>50%</th>\n",
       "      <td>2746.864676</td>\n",
       "      <td>155.722432</td>\n",
       "      <td>16.525132</td>\n",
       "      <td>226.259796</td>\n",
       "      <td>50.931226</td>\n",
       "      <td>1691.000000</td>\n",
       "      <td>212.594272</td>\n",
       "      <td>219.061903</td>\n",
       "      <td>135.032966</td>\n",
       "      <td>1511.744651</td>\n",
       "      <td>0.000000</td>\n",
       "      <td>0.000000</td>\n",
       "      <td>0.418675</td>\n",
       "      <td>4.000000</td>\n",
       "    </tr>\n",
       "    <tr>\n",
       "      <th>75%</th>\n",
       "      <td>2986.250000</td>\n",
       "      <td>208.000000</td>\n",
       "      <td>20.000000</td>\n",
       "      <td>283.000000</td>\n",
       "      <td>65.000000</td>\n",
       "      <td>1959.000000</td>\n",
       "      <td>231.000000</td>\n",
       "      <td>232.000000</td>\n",
       "      <td>159.000000</td>\n",
       "      <td>1766.000000</td>\n",
       "      <td>0.239631</td>\n",
       "      <td>0.000000</td>\n",
       "      <td>1.000000</td>\n",
       "      <td>6.000000</td>\n",
       "    </tr>\n",
       "    <tr>\n",
       "      <th>max</th>\n",
       "      <td>3849.000000</td>\n",
       "      <td>360.000000</td>\n",
       "      <td>52.000000</td>\n",
       "      <td>1318.000000</td>\n",
       "      <td>554.000000</td>\n",
       "      <td>6890.000000</td>\n",
       "      <td>254.000000</td>\n",
       "      <td>254.000000</td>\n",
       "      <td>248.000000</td>\n",
       "      <td>6853.000000</td>\n",
       "      <td>1.000000</td>\n",
       "      <td>1.000000</td>\n",
       "      <td>1.000000</td>\n",
       "      <td>7.000000</td>\n",
       "    </tr>\n",
       "  </tbody>\n",
       "</table>\n",
       "</div>"
      ],
      "text/plain": [
       "                 p1            p2            p3            p4            p5  \\\n",
       "count  15120.000000  15120.000000  15120.000000  15120.000000  15120.000000   \n",
       "mean    2746.864676    155.722432     16.525132    226.259796     50.931226   \n",
       "std      374.711560     98.598200      7.566397    186.541834     54.674921   \n",
       "min     1879.000000      0.000000      0.000000      0.000000   -146.000000   \n",
       "25%     2455.000000     79.000000     11.000000     90.000000     10.000000   \n",
       "50%     2746.864676    155.722432     16.525132    226.259796     50.931226   \n",
       "75%     2986.250000    208.000000     20.000000    283.000000     65.000000   \n",
       "max     3849.000000    360.000000     52.000000   1318.000000    554.000000   \n",
       "\n",
       "                 p6            p7            p8            p9           p10  \\\n",
       "count  15120.000000  15120.000000  15120.000000  15120.000000  15120.000000   \n",
       "mean    1704.409969    212.594272    219.061903    135.032966   1511.744651   \n",
       "std     1178.363546     27.329080     20.339312     40.915833    984.437406   \n",
       "min        0.000000      0.000000     99.000000      0.000000      0.000000   \n",
       "25%      900.000000    203.000000    212.000000    116.000000    840.000000   \n",
       "50%     1691.000000    212.594272    219.061903    135.032966   1511.744651   \n",
       "75%     1959.000000    231.000000    232.000000    159.000000   1766.000000   \n",
       "max     6890.000000    254.000000    254.000000    248.000000   6853.000000   \n",
       "\n",
       "                p11           p12           p13        target  \n",
       "count  15120.000000  15120.000000  15120.000000  15120.000000  \n",
       "mean       0.239631      0.032250      0.418675      4.000000  \n",
       "std        0.380779      0.157593      0.443130      2.000066  \n",
       "min        0.000000      0.000000      0.000000      1.000000  \n",
       "25%        0.000000      0.000000      0.000000      2.000000  \n",
       "50%        0.000000      0.000000      0.418675      4.000000  \n",
       "75%        0.239631      0.000000      1.000000      6.000000  \n",
       "max        1.000000      1.000000      1.000000      7.000000  "
      ]
     },
     "execution_count": 5,
     "metadata": {},
     "output_type": "execute_result"
    }
   ],
   "source": [
    "# For now replace missing data with mean of all other values\n",
    "train = train.fillna(train.mean())\n",
    "train.describe()"
   ]
  },
  {
   "cell_type": "markdown",
   "metadata": {},
   "source": [
    "# Feature Selection"
   ]
  },
  {
   "cell_type": "code",
   "execution_count": 6,
   "metadata": {},
   "outputs": [
    {
     "data": {
      "text/html": [
       "<div>\n",
       "<style scoped>\n",
       "    .dataframe tbody tr th:only-of-type {\n",
       "        vertical-align: middle;\n",
       "    }\n",
       "\n",
       "    .dataframe tbody tr th {\n",
       "        vertical-align: top;\n",
       "    }\n",
       "\n",
       "    .dataframe thead th {\n",
       "        text-align: right;\n",
       "    }\n",
       "</style>\n",
       "<table border=\"1\" class=\"dataframe\">\n",
       "  <thead>\n",
       "    <tr style=\"text-align: right;\">\n",
       "      <th></th>\n",
       "      <th>p1</th>\n",
       "      <th>p2</th>\n",
       "      <th>p3</th>\n",
       "      <th>p4</th>\n",
       "      <th>p5</th>\n",
       "      <th>p6</th>\n",
       "      <th>p7</th>\n",
       "      <th>p8</th>\n",
       "      <th>p9</th>\n",
       "      <th>p10</th>\n",
       "      <th>p11</th>\n",
       "      <th>p12</th>\n",
       "      <th>p13</th>\n",
       "      <th>target</th>\n",
       "    </tr>\n",
       "  </thead>\n",
       "  <tbody>\n",
       "    <tr>\n",
       "      <th>p1</th>\n",
       "      <td>1.000000</td>\n",
       "      <td>-0.014352</td>\n",
       "      <td>-0.252717</td>\n",
       "      <td>0.323405</td>\n",
       "      <td>0.098592</td>\n",
       "      <td>0.459316</td>\n",
       "      <td>0.079701</td>\n",
       "      <td>0.170780</td>\n",
       "      <td>0.072929</td>\n",
       "      <td>0.359389</td>\n",
       "      <td>0.261820</td>\n",
       "      <td>0.209184</td>\n",
       "      <td>0.282043</td>\n",
       "      <td>0.016692</td>\n",
       "    </tr>\n",
       "    <tr>\n",
       "      <th>p2</th>\n",
       "      <td>-0.014352</td>\n",
       "      <td>1.000000</td>\n",
       "      <td>0.025326</td>\n",
       "      <td>0.034095</td>\n",
       "      <td>0.052599</td>\n",
       "      <td>0.051376</td>\n",
       "      <td>-0.483347</td>\n",
       "      <td>0.263112</td>\n",
       "      <td>0.511605</td>\n",
       "      <td>-0.049007</td>\n",
       "      <td>-0.109858</td>\n",
       "      <td>0.021428</td>\n",
       "      <td>0.031465</td>\n",
       "      <td>0.011934</td>\n",
       "    </tr>\n",
       "    <tr>\n",
       "      <th>p3</th>\n",
       "      <td>-0.252717</td>\n",
       "      <td>0.025326</td>\n",
       "      <td>1.000000</td>\n",
       "      <td>-0.043828</td>\n",
       "      <td>0.207164</td>\n",
       "      <td>-0.217841</td>\n",
       "      <td>-0.162753</td>\n",
       "      <td>-0.488661</td>\n",
       "      <td>-0.261909</td>\n",
       "      <td>-0.186048</td>\n",
       "      <td>-0.110232</td>\n",
       "      <td>-0.059989</td>\n",
       "      <td>-0.091396</td>\n",
       "      <td>0.075395</td>\n",
       "    </tr>\n",
       "    <tr>\n",
       "      <th>p4</th>\n",
       "      <td>0.323405</td>\n",
       "      <td>0.034095</td>\n",
       "      <td>-0.043828</td>\n",
       "      <td>1.000000</td>\n",
       "      <td>0.514817</td>\n",
       "      <td>0.162846</td>\n",
       "      <td>-0.025020</td>\n",
       "      <td>0.062173</td>\n",
       "      <td>0.060324</td>\n",
       "      <td>0.124758</td>\n",
       "      <td>-0.017661</td>\n",
       "      <td>0.067909</td>\n",
       "      <td>0.165473</td>\n",
       "      <td>-0.006504</td>\n",
       "    </tr>\n",
       "    <tr>\n",
       "      <th>p5</th>\n",
       "      <td>0.098592</td>\n",
       "      <td>0.052599</td>\n",
       "      <td>0.207164</td>\n",
       "      <td>0.514817</td>\n",
       "      <td>1.000000</td>\n",
       "      <td>0.010610</td>\n",
       "      <td>-0.076340</td>\n",
       "      <td>-0.108961</td>\n",
       "      <td>-0.023743</td>\n",
       "      <td>-0.005767</td>\n",
       "      <td>-0.090548</td>\n",
       "      <td>0.018295</td>\n",
       "      <td>0.059650</td>\n",
       "      <td>0.065337</td>\n",
       "    </tr>\n",
       "    <tr>\n",
       "      <th>p6</th>\n",
       "      <td>0.459316</td>\n",
       "      <td>0.051376</td>\n",
       "      <td>-0.217841</td>\n",
       "      <td>0.162846</td>\n",
       "      <td>0.010610</td>\n",
       "      <td>1.000000</td>\n",
       "      <td>-0.004611</td>\n",
       "      <td>0.187035</td>\n",
       "      <td>0.140150</td>\n",
       "      <td>0.383087</td>\n",
       "      <td>0.286937</td>\n",
       "      <td>-0.060942</td>\n",
       "      <td>0.089274</td>\n",
       "      <td>-0.093408</td>\n",
       "    </tr>\n",
       "    <tr>\n",
       "      <th>p7</th>\n",
       "      <td>0.079701</td>\n",
       "      <td>-0.483347</td>\n",
       "      <td>-0.162753</td>\n",
       "      <td>-0.025020</td>\n",
       "      <td>-0.076340</td>\n",
       "      <td>-0.004611</td>\n",
       "      <td>1.000000</td>\n",
       "      <td>-0.015291</td>\n",
       "      <td>-0.625722</td>\n",
       "      <td>0.064210</td>\n",
       "      <td>0.135527</td>\n",
       "      <td>-0.011750</td>\n",
       "      <td>-0.019455</td>\n",
       "      <td>-0.012104</td>\n",
       "    </tr>\n",
       "    <tr>\n",
       "      <th>p8</th>\n",
       "      <td>0.170780</td>\n",
       "      <td>0.263112</td>\n",
       "      <td>-0.488661</td>\n",
       "      <td>0.062173</td>\n",
       "      <td>-0.108961</td>\n",
       "      <td>0.187035</td>\n",
       "      <td>-0.015291</td>\n",
       "      <td>1.000000</td>\n",
       "      <td>0.496176</td>\n",
       "      <td>0.093618</td>\n",
       "      <td>-0.018062</td>\n",
       "      <td>0.029850</td>\n",
       "      <td>0.146140</td>\n",
       "      <td>-0.084578</td>\n",
       "    </tr>\n",
       "    <tr>\n",
       "      <th>p9</th>\n",
       "      <td>0.072929</td>\n",
       "      <td>0.511605</td>\n",
       "      <td>-0.261909</td>\n",
       "      <td>0.060324</td>\n",
       "      <td>-0.023743</td>\n",
       "      <td>0.140150</td>\n",
       "      <td>-0.625722</td>\n",
       "      <td>0.496176</td>\n",
       "      <td>1.000000</td>\n",
       "      <td>0.040363</td>\n",
       "      <td>-0.091825</td>\n",
       "      <td>0.035463</td>\n",
       "      <td>0.107050</td>\n",
       "      <td>-0.053625</td>\n",
       "    </tr>\n",
       "    <tr>\n",
       "      <th>p10</th>\n",
       "      <td>0.359389</td>\n",
       "      <td>-0.049007</td>\n",
       "      <td>-0.186048</td>\n",
       "      <td>0.124758</td>\n",
       "      <td>-0.005767</td>\n",
       "      <td>0.383087</td>\n",
       "      <td>0.064210</td>\n",
       "      <td>0.093618</td>\n",
       "      <td>0.040363</td>\n",
       "      <td>1.000000</td>\n",
       "      <td>0.341689</td>\n",
       "      <td>0.038287</td>\n",
       "      <td>0.000576</td>\n",
       "      <td>-0.078372</td>\n",
       "    </tr>\n",
       "    <tr>\n",
       "      <th>p11</th>\n",
       "      <td>0.261820</td>\n",
       "      <td>-0.109858</td>\n",
       "      <td>-0.110232</td>\n",
       "      <td>-0.017661</td>\n",
       "      <td>-0.090548</td>\n",
       "      <td>0.286937</td>\n",
       "      <td>0.135527</td>\n",
       "      <td>-0.018062</td>\n",
       "      <td>-0.091825</td>\n",
       "      <td>0.341689</td>\n",
       "      <td>1.000000</td>\n",
       "      <td>-0.081013</td>\n",
       "      <td>-0.389129</td>\n",
       "      <td>-0.211724</td>\n",
       "    </tr>\n",
       "    <tr>\n",
       "      <th>p12</th>\n",
       "      <td>0.209184</td>\n",
       "      <td>0.021428</td>\n",
       "      <td>-0.059989</td>\n",
       "      <td>0.067909</td>\n",
       "      <td>0.018295</td>\n",
       "      <td>-0.060942</td>\n",
       "      <td>-0.011750</td>\n",
       "      <td>0.029850</td>\n",
       "      <td>0.035463</td>\n",
       "      <td>0.038287</td>\n",
       "      <td>-0.081013</td>\n",
       "      <td>1.000000</td>\n",
       "      <td>-0.125679</td>\n",
       "      <td>0.006789</td>\n",
       "    </tr>\n",
       "    <tr>\n",
       "      <th>p13</th>\n",
       "      <td>0.282043</td>\n",
       "      <td>0.031465</td>\n",
       "      <td>-0.091396</td>\n",
       "      <td>0.165473</td>\n",
       "      <td>0.059650</td>\n",
       "      <td>0.089274</td>\n",
       "      <td>-0.019455</td>\n",
       "      <td>0.146140</td>\n",
       "      <td>0.107050</td>\n",
       "      <td>0.000576</td>\n",
       "      <td>-0.389129</td>\n",
       "      <td>-0.125679</td>\n",
       "      <td>1.000000</td>\n",
       "      <td>0.107054</td>\n",
       "    </tr>\n",
       "    <tr>\n",
       "      <th>target</th>\n",
       "      <td>0.016692</td>\n",
       "      <td>0.011934</td>\n",
       "      <td>0.075395</td>\n",
       "      <td>-0.006504</td>\n",
       "      <td>0.065337</td>\n",
       "      <td>-0.093408</td>\n",
       "      <td>-0.012104</td>\n",
       "      <td>-0.084578</td>\n",
       "      <td>-0.053625</td>\n",
       "      <td>-0.078372</td>\n",
       "      <td>-0.211724</td>\n",
       "      <td>0.006789</td>\n",
       "      <td>0.107054</td>\n",
       "      <td>1.000000</td>\n",
       "    </tr>\n",
       "  </tbody>\n",
       "</table>\n",
       "</div>"
      ],
      "text/plain": [
       "              p1        p2        p3        p4        p5        p6        p7  \\\n",
       "p1      1.000000 -0.014352 -0.252717  0.323405  0.098592  0.459316  0.079701   \n",
       "p2     -0.014352  1.000000  0.025326  0.034095  0.052599  0.051376 -0.483347   \n",
       "p3     -0.252717  0.025326  1.000000 -0.043828  0.207164 -0.217841 -0.162753   \n",
       "p4      0.323405  0.034095 -0.043828  1.000000  0.514817  0.162846 -0.025020   \n",
       "p5      0.098592  0.052599  0.207164  0.514817  1.000000  0.010610 -0.076340   \n",
       "p6      0.459316  0.051376 -0.217841  0.162846  0.010610  1.000000 -0.004611   \n",
       "p7      0.079701 -0.483347 -0.162753 -0.025020 -0.076340 -0.004611  1.000000   \n",
       "p8      0.170780  0.263112 -0.488661  0.062173 -0.108961  0.187035 -0.015291   \n",
       "p9      0.072929  0.511605 -0.261909  0.060324 -0.023743  0.140150 -0.625722   \n",
       "p10     0.359389 -0.049007 -0.186048  0.124758 -0.005767  0.383087  0.064210   \n",
       "p11     0.261820 -0.109858 -0.110232 -0.017661 -0.090548  0.286937  0.135527   \n",
       "p12     0.209184  0.021428 -0.059989  0.067909  0.018295 -0.060942 -0.011750   \n",
       "p13     0.282043  0.031465 -0.091396  0.165473  0.059650  0.089274 -0.019455   \n",
       "target  0.016692  0.011934  0.075395 -0.006504  0.065337 -0.093408 -0.012104   \n",
       "\n",
       "              p8        p9       p10       p11       p12       p13    target  \n",
       "p1      0.170780  0.072929  0.359389  0.261820  0.209184  0.282043  0.016692  \n",
       "p2      0.263112  0.511605 -0.049007 -0.109858  0.021428  0.031465  0.011934  \n",
       "p3     -0.488661 -0.261909 -0.186048 -0.110232 -0.059989 -0.091396  0.075395  \n",
       "p4      0.062173  0.060324  0.124758 -0.017661  0.067909  0.165473 -0.006504  \n",
       "p5     -0.108961 -0.023743 -0.005767 -0.090548  0.018295  0.059650  0.065337  \n",
       "p6      0.187035  0.140150  0.383087  0.286937 -0.060942  0.089274 -0.093408  \n",
       "p7     -0.015291 -0.625722  0.064210  0.135527 -0.011750 -0.019455 -0.012104  \n",
       "p8      1.000000  0.496176  0.093618 -0.018062  0.029850  0.146140 -0.084578  \n",
       "p9      0.496176  1.000000  0.040363 -0.091825  0.035463  0.107050 -0.053625  \n",
       "p10     0.093618  0.040363  1.000000  0.341689  0.038287  0.000576 -0.078372  \n",
       "p11    -0.018062 -0.091825  0.341689  1.000000 -0.081013 -0.389129 -0.211724  \n",
       "p12     0.029850  0.035463  0.038287 -0.081013  1.000000 -0.125679  0.006789  \n",
       "p13     0.146140  0.107050  0.000576 -0.389129 -0.125679  1.000000  0.107054  \n",
       "target -0.084578 -0.053625 -0.078372 -0.211724  0.006789  0.107054  1.000000  "
      ]
     },
     "execution_count": 6,
     "metadata": {},
     "output_type": "execute_result"
    },
    {
     "data": {
